%YAML:1.0
---
thresholdStep: 10.
minThreshold: 50.
maxThreshold: 255.
minRepeatability: 2
minDistBetweenBlobs: 20.
filterByColor: 1
blobColor: 0
filterByArea: 1
minArea: 1000.
maxArea: 5000.
filterByCircularity: 1
minCircularity: 5.0000000000000000e-01
maxCircularity: 3.4028234663852886e+38
filterByInertia: 0
minInertiaRatio: 1.0000000149011612e-01
maxInertiaRatio: 3.4028234663852886e+38
filterByConvexity: 0
minConvexity: 9.4999998807907104e-01
maxConvexity: 3.4028234663852886e+38
